[3, 69, 7, 13, 79, 84, 85, 22, 23, 90, 26, 28, 157, 30, 31, 35, 105, 41, 43, 108, 50, 53, 58, 61, 63]->[1]
[41]->[35]
[17, 22, 30, 35, 41, 43, 50, 58, 73, 79, 84, 85, 108, 157]->[7]
[3, 13, 22, 50, 53, 58, 61, 63, 73, 79, 85, 105, 108, 157]->[7]
[18, 35, 43]->[41]
[35, 70]->[41]
[35, 43, 77]->[41]
[35, 43, 88]->[41]
[35, 43, 69]->[41]
[35, 43, 81]->[41]
[1, 35, 43]->[41]
[3, 35, 43]->[41]
[7, 35, 43]->[41]
[35, 43, 53]->[41]
[35, 43, 75]->[41]
[35, 43, 73]->[41]
[35, 43, 71]->[41]
[35, 43, 63]->[41]
[35, 43, 58]->[41]
[35, 43, 61]->[41]
[35, 43, 65]->[41]
[28, 35, 43]->[41]
[26, 35, 43]->[41]
[35, 43, 157]->[41]
[35, 43, 108]->[41]
[22, 35, 43]->[41]
[35, 43, 50]->[41]
[35, 43, 85]->[41]
[35, 43, 79]->[41]
[7, 53, 69]->[105]
[7, 17, 53]->[105]
[22, 50, 53, 63, 73, 79, 85, 108, 157]->[105]
[35, 41, 58, 82]->[43]
[35, 41, 63, 82]->[43]
[35, 41, 61, 82]->[43]
[26, 35, 41, 82]->[43]
[28, 35, 41, 82]->[43]
[35, 41, 82, 157]->[43]
[35, 41, 82, 108]->[43]
[22, 35, 41, 82]->[43]
[35, 41, 50, 82]->[43]
[35, 41, 82, 85]->[43]
[35, 41, 79, 82]->[43]
[35, 41, 61, 87]->[43]
[28, 35, 41, 87]->[43]
[26, 35, 41, 87]->[43]
[35, 41, 87, 157]->[43]
[35, 41, 87, 108]->[43]
[22, 35, 41, 87]->[43]
[35, 41, 50, 87]->[43]
[35, 41, 85, 87]->[43]
[35, 41, 79, 87]->[43]
[35, 41, 65, 78]->[43]
[28, 35, 41, 78]->[43]
[26, 35, 41, 78]->[43]
[35, 41, 78, 157]->[43]
[35, 41, 78, 108]->[43]
[22, 35, 41, 78]->[43]
[35, 41, 50, 78]->[43]
[35, 41, 60, 78]->[43]
[35, 41, 68, 78]->[43]
[35, 41, 78, 85]->[43]
[35, 41, 78, 79]->[43]
[35, 41, 69, 90]->[43]
[35, 41, 69, 84]->[43]
[17, 35, 41]->[43]
[35, 41, 53, 90]->[43]
[3, 35, 41, 90]->[43]
[7, 35, 41, 90]->[43]
[35, 41, 53, 84]->[43]
[3, 35, 41, 84]->[43]
[7, 35, 41, 84]->[43]
[35, 41, 65, 68]->[43]
[35, 41, 60, 65]->[43]
[28, 35, 41, 68]->[43]
[28, 35, 41, 60]->[43]
[35, 41, 75, 90]->[43]
[26, 35, 41, 68]->[43]
[26, 35, 41, 60]->[43]
[35, 41, 61, 90]->[43]
[35, 41, 75, 84]->[43]
[35, 41, 68, 157]->[43]
[35, 41, 60, 157]->[43]
[35, 41, 68, 108]->[43]
[35, 41, 60, 108]->[43]
[22, 35, 41, 68]->[43]
[22, 35, 41, 60]->[43]
[35, 41, 50, 68]->[43]
[35, 41, 73, 90]->[43]
[35, 41, 50, 60]->[43]
[35, 41, 68, 85]->[43]
[35, 41, 60, 85]->[43]
[35, 41, 68, 79]->[43]
[35, 41, 60, 79]->[43]
[35, 41, 60, 68]->[43]
[35, 41, 61, 84]->[43]
[35, 41, 73, 84]->[43]
[35, 41, 71, 90]->[43]
[35, 41, 65, 90]->[43]
[35, 41, 71, 84]->[43]
[35, 41, 65, 84]->[43]
[28, 35, 41, 90]->[43]
[28, 35, 41, 84]->[43]
[35, 41, 58, 90]->[43]
[35, 41, 90, 108]->[43]
[22, 35, 41, 90]->[43]
[35, 41, 50, 90]->[43]
[35, 41, 85, 90]->[43]
[35, 41, 79, 90]->[43]
[35, 41, 58, 84]->[43]
[26, 35, 41, 84]->[43]
[35, 41, 84, 157]->[43]
[22, 35, 41, 84]->[43]
[35, 41, 50, 84]->[43]
[35, 41, 84, 108]->[43]
[30, 35, 41]->[43]
[22, 30, 35, 41, 43, 50, 69, 79, 84, 85]->[108]
[22, 26, 50, 69, 79, 85]->[108]
[22, 50, 61, 69, 79, 85]->[108]
[22, 50, 69, 79, 85, 157]->[108]
[17, 22, 30, 35, 41, 43, 50, 79, 84, 85]->[108]
[7, 30, 35, 41, 43, 50, 61, 63, 65, 79, 84, 85, 157]->[108]
[7, 35, 41, 43, 50, 58, 61, 63, 65, 79, 84, 85, 157]->[108]
[30, 35, 41, 43, 50, 53, 58, 61, 65, 79, 84, 85]->[108]
[22, 35, 41, 43, 50, 58, 61, 79, 84, 85, 157]->[108]
[22, 30, 35, 41, 43, 50, 65, 79, 84, 85]->[108]
[22, 26, 30, 35, 41, 43, 50, 79, 84, 85]->[108]
[22, 30, 35, 41, 43, 50, 79, 84, 85, 157]->[108]
[3, 7, 17, 22, 50, 53, 58, 75, 79, 85, 105, 108, 157]->[13]
[3, 35, 61, 63, 73]->[13]
[3, 22, 35, 41, 43, 63, 73, 108, 157]->[13]
[30, 35, 41, 43, 82, 85]->[79]
[30, 35, 41, 43, 85, 87]->[79]
[22, 30, 65, 77]->[79]
[30, 50, 65, 77]->[79]
[30, 61, 77]->[79]
[30, 35, 41, 43, 78, 85]->[79]
[26, 30, 77]->[79]
[30, 77, 157]->[79]
[22, 28, 30, 65, 88]->[79]
[28, 30, 50, 65, 88]->[79]
[28, 30, 88, 157]->[79]
[26, 30, 69]->[79]
[22, 30, 65, 69]->[79]
[30, 50, 65, 69]->[79]
[30, 61, 69]->[79]
[30, 69, 157]->[79]
[69, 85]->[79]
[3, 17, 30, 75]->[79]
[7, 17, 30, 75]->[79]
[17, 30, 73]->[79]
[17, 22, 30, 65]->[79]
[17, 30, 50, 65]->[79]
[17, 26, 30]->[79]
[17, 30, 61]->[79]
[17, 30, 157]->[79]
[17, 85]->[79]
[3, 35, 41, 43, 63, 73]->[79]
[7, 35, 41, 63, 73]->[79]
[22, 35, 41, 53, 58, 61, 73]->[79]
[35, 41, 43, 53, 61, 73]->[79]
[3, 30, 73]->[79]
[30, 53, 73]->[79]
[7, 30, 73]->[79]
[1, 22, 30, 65]->[79]
[1, 30, 50, 65]->[79]
[1, 26, 30]->[79]
[3, 22, 30, 65]->[79]
[3, 30, 50, 65]->[79]
[7, 22, 30, 65]->[79]
[7, 30, 50, 65]->[79]
[1, 30, 61]->[79]
[22, 30, 53, 65]->[79]
[30, 50, 53, 65]->[79]
[1, 30, 157]->[79]
[3, 26, 30]->[79]
[7, 26, 30]->[79]
[26, 30, 53]->[79]
[3, 30, 61]->[79]
[7, 30, 61]->[79]
[30, 53, 61]->[79]
[3, 30, 157]->[79]
[7, 30, 157]->[79]
[30, 53, 157]->[79]
[28, 30, 75]->[79]
[30, 35, 41, 43, 68, 85]->[79]
[30, 35, 41, 43, 60, 85]->[79]
[28, 30, 73]->[79]
[30, 58, 75]->[79]
[30, 58, 61]->[79]
[35, 41, 43, 50, 58, 61]->[79]
[35, 41, 43, 58, 61, 108]->[79]
[30, 58, 73]->[79]
[28, 30, 71]->[79]
[30, 58, 71]->[79]
[22, 30, 58, 65]->[79]
[30, 50, 58, 65]->[79]
[30, 35, 41, 43, 85, 90]->[79]
[26, 30, 58]->[79]
[30, 58, 157]->[79]
[30, 63]->[79]
[30, 108]->[79]
[22, 30, 85]->[79]
[50, 85]->[79]
[18, 26]->[50]
[70, 157]->[50]
[77, 79, 85, 157]->[50]
[88, 157]->[50]
[81, 157]->[50]
[30, 35, 41, 43, 75, 79, 84, 85]->[50]
[26, 75]->[50]
[30, 35, 41, 43, 73, 79, 84, 85]->[50]
[75, 157]->[50]
[26, 73]->[50]
[30, 35, 41, 43, 71, 79, 84, 85]->[50]
[73, 157]->[50]
[26, 71]->[50]
[71, 157]->[50]
[26, 157]->[50]
[22]->[50]
[17, 22, 26, 30, 35, 41, 43, 50, 58, 61, 63, 65, 79, 85, 90, 108, 157]->[84]
[3, 22, 26, 28, 30, 35, 41, 43, 50, 58, 61, 63, 79, 85, 90, 108, 157]->[84]
[7, 22, 26, 28, 30, 35, 41, 43, 50, 58, 61, 63, 79, 85, 90, 108, 157]->[84]
[22, 26, 28, 30, 35, 41, 43, 50, 53, 58, 61, 63, 79, 85, 90, 108, 157]->[84]
[22, 26, 30, 35, 41, 43, 50, 58, 65, 75, 79, 85, 90, 108, 157]->[84]
[22, 26, 28, 30, 35, 41, 43, 50, 58, 71, 75, 79, 85, 90, 108, 157]->[84]
[22, 26, 28, 30, 35, 41, 43, 50, 58, 73, 75, 79, 85, 90, 108, 157]->[84]
[22, 26, 30, 35, 41, 43, 50, 58, 65, 73, 79, 85, 90, 108, 157]->[84]
[22, 26, 28, 30, 35, 41, 43, 50, 58, 71, 73, 79, 85, 90, 108, 157]->[84]
[22, 26, 30, 31, 35, 41, 43, 50, 58, 61, 79, 85, 90, 108, 157]->[84]
[22, 26, 30, 35, 41, 43, 50, 58, 65, 71, 79, 85, 90, 108, 157]->[84]
[22, 26, 28, 30, 35, 41, 43, 50, 58, 65, 79, 85, 90, 108, 157]->[84]
[30, 35, 41, 43, 63, 79, 82]->[85]
[30, 35, 41, 43, 79, 82, 108]->[85]
[18, 79, 108]->[85]
[30, 35, 41, 43, 79, 87, 108]->[85]
[70, 79, 108]->[85]
[30, 35, 41, 43, 78, 79, 108]->[85]
[77, 79, 108]->[85]
[79, 88, 108]->[85]
[69, 79, 108]->[85]
[79, 81, 108]->[85]
[17, 63, 79]->[85]
[17, 79, 108]->[85]
[1, 63, 79]->[85]
[1, 79, 108]->[85]
[3, 63, 79]->[85]
[7, 63, 79]->[85]
[53, 63, 79]->[85]
[3, 79, 108]->[85]
[7, 79, 108]->[85]
[53, 79, 108]->[85]
[30, 35, 41, 43, 68, 79, 108]->[85]
[30, 35, 41, 43, 60, 79, 108]->[85]
[75, 79]->[85]
[73, 79]->[85]
[71, 79]->[85]
[30, 35, 41, 43, 79, 84]->[85]
[28, 63, 79]->[85]
[58, 79, 108]->[85]
[50, 63, 79]->[85]
[63, 79, 108]->[85]
[61, 79]->[85]
[65, 79]->[85]
[28, 79, 108]->[85]
[26, 79]->[85]
[79, 157]->[85]
[50, 79, 108]->[85]
[22, 23, 26, 28, 30, 31, 35, 41, 43, 50, 58, 61, 63, 69, 79, 84, 85, 90, 108, 157]->[53]
[7, 17, 22, 50, 58, 75, 79, 85, 108, 157]->[53]
[7, 35, 41, 58, 63, 73, 79, 108, 157]->[53]
[105]->[53]
[3, 17, 50, 75, 79, 85]->[22]
[7, 17, 50, 75, 79, 85]->[22]
[17, 50, 73, 79, 85]->[22]
[17, 50, 79, 85, 157]->[22]
[30, 31, 35, 41, 43, 50, 79, 85]->[22]
[17, 22, 26, 28, 30, 31, 35, 41, 43, 50, 58, 61, 63, 79, 84, 85, 90, 108, 157]->[23]
[3, 22, 26, 28, 30, 31, 35, 41, 43, 50, 58, 61, 63, 79, 84, 85, 90, 108, 157]->[23]
[7, 22, 26, 28, 30, 31, 35, 41, 43, 50, 58, 61, 63, 79, 84, 85, 90, 108, 157]->[23]
[22, 26, 28, 30, 31, 35, 41, 43, 50, 53, 58, 63, 79, 84, 85, 90, 108, 157]->[23]
[22, 26, 28, 30, 31, 35, 41, 43, 50, 58, 71, 79, 85, 108, 157]->[23]
[22, 23, 30, 31, 35, 41, 43, 50, 58, 65, 71, 79, 85, 108, 157]->[26]
[22, 35, 41, 43, 50, 58, 61, 79, 84, 85, 90, 108, 157]->[26]
[22, 30, 35, 41, 43, 50, 79, 85, 90, 108, 157]->[26]
[22, 28, 50, 79, 85, 108, 157]->[26]
[17, 22, 26, 30, 31, 35, 41, 43, 50, 61, 65, 79, 85, 108, 157]->[58]
[17, 22, 26, 30, 35, 41, 43, 50, 61, 65, 79, 85, 90, 108, 157]->[58]
[7, 22, 26, 28, 30, 31, 35, 41, 43, 50, 61, 79, 85, 108, 157]->[58]
[7, 22, 26, 28, 30, 35, 41, 43, 50, 61, 79, 85, 90, 108, 157]->[58]
[3]->[58]
[22, 26, 28, 30, 31, 35, 41, 43, 50, 58, 75, 79, 84, 85, 108, 157]->[90]
[22, 26, 28, 30, 31, 35, 41, 43, 50, 58, 73, 79, 84, 85, 108, 157]->[90]
[22, 26, 28, 30, 31, 35, 41, 43, 50, 58, 65, 79, 85, 108, 157]->[90]
[18, 22, 26, 50, 65, 79, 85, 108]->[157]
[7, 17, 22, 50, 75, 79, 85, 108]->[157]
[17, 22, 50, 73, 79, 85, 108]->[157]
[7, 26, 50, 73, 79, 85, 108]->[157]
[22, 30, 35, 41, 43, 50, 75, 79, 84, 85, 108]->[157]
[22, 26, 50, 75, 79, 85, 108]->[157]
[22, 30, 35, 41, 43, 50, 73, 79, 84, 85, 108]->[157]
[22, 26, 50, 73, 79, 85, 108]->[157]
[22, 30, 35, 41, 43, 50, 71, 79, 84, 85, 108]->[157]
[22, 26, 50, 71, 79, 85, 108]->[157]
[22, 30, 31, 35, 41, 43, 50, 79, 85, 108]->[157]
[35, 41, 43, 65, 82]->[30]
[35, 41, 43, 65, 70]->[30]
[35, 41, 43, 65, 87]->[30]
[31, 35, 41, 43, 75]->[30]
[31, 35, 41, 43, 61]->[30]
[31, 35, 41, 43, 73]->[30]
[31, 35, 41, 43, 71]->[30]
[31, 35, 41, 43, 65]->[30]
[26, 31, 35, 41, 43]->[30]
[22, 26, 28, 50, 58, 61, 65, 69, 79, 85, 108, 157]->[63]
[82]->[35, 41, 43]
[87]->[35, 41, 43]
[78]->[35, 41, 43]
[69]->[53, 105]
[68]->[35, 41, 43]
[60]->[35, 41, 43]
[31]->[35, 41, 43, 30]
[90]->[35, 41, 43]
[84]->[35, 41, 43]
[63]->[85, 79]
[108]->[85, 79]
[43]->[35, 41]
